2000
1176 464 8690700
4099
789 1838 1
1155 912 1
832 947 1
183 124 2
1407 1426 1
1769 1485 33145
245 170 38115
634 1170 1
781 947 1
956 1866 41205
1103 1894 48445
1176 577 1
1094 1174 41080
1446 1170 2
1278 1554 16259
1385 1744 1
908 464 49511
1039 1 2
1881 62 2
1318 710 2
274 746 1
610 1615 3
1767 1521 1
945 775 2
817 1890 1
577 464 47227
1703 1026 43763
664 1843 1
1930 577 2
1680 577 1
1178 1004 1
1293 464 43692
32 1719 1
1634 76 1
1734 1999 2
1591 985 1
1938 1634 1
1825 945 2
1522 52 42866
1711 343 48260
1037 712 1
830 1055 1
1931 1509 1
219 1786 2
121 169 1
125 622 1
1371 976 1
1815 400 1
1751 1350 728
892 1552 1
793 129 1
1361 852 2298
66 1166 36988
987 1893 1
1444 608 1
1978 617 1
921 464 1
1351 464 43943
723 1786 1
1906 1335 1
1480 1368 1
407 1435 2
87 464 1
1178 1487 1
718 1235 2
114 32 1
1412 1617 47440
918 1399 1
1467 1805 1
518 464 1
1176 1245 49358
126 145 2
1282 486 1
161 787 40614
1443 676 5
1019 693 1
131 646 2
1820 739 2
695 1495 2
1038 315 1
1657 599 1
1516 266 40670
1419 1646 41368
915 253 1
1520 1952 1
1971 898 1
1829 1582 1
897 1084 1
1770 31 1
390 464 2
846 857 33703
66 1512 45970
1083 1812 2
26 313 2
1547 66 36985
968 1739 101
911 990 1190
1428 1270 2
412 1938 1
639 1834 1
372 665 42728
1531 82 1
441 451 9
267 975 2
1916 872 1
417 252 1
1658 1434 5268
372 1739 1
1176 7 1
948 987 2
637 1243 7
1897 92 43203
1490 573 2
1221 444 1
190 1895 741
1883 619 1
1480 195 3730
530 46 1
308 349 15313
1176 989 40618
363 972 1
52 1692 1
1199 605 4
338 1999 1
201 29 2
1866 866 2
1559 576 14655
1750 308 13833
39 1005 3
1482 1742 1750
128 317 2
133 873 1
1076 93 1
943 1600 1
19 1595 4304
595 464 45040
536 982 1
1814 464 1
117 1762 1
1529 182 2
1694 1143 2
17 1698 1
1583 464 42231
965 1145 1
1019 1585 1
1290 464 1
203 75 1
275 658 1
656 1603 1
1427 1969 2
570 1927 1
1910 1811 5089
623 464 2
1684 1975 1
315 444 1
1894 626 1
1869 135 41749
1176 570 48889
1477 464 48404
352 481 723
659 1920 3
1562 330 2
333 1651 1268
751 823 2
155 381 2
1443 1090 2
307 1757 1
1641 1933 2
1444 1878 2
1278 335 5985
452 1168 2
879 1026 1
1176 1099 46825
1027 81 2
178 919 2
572 654 43155
1617 464 40565
1288 1669 6083
947 464 1
1176 1448 45913
1306 464 2
27 464 44727
1939 1306 1
1962 444 3622
1603 888 2
1345 728 3802
114 995 2
561 192 42197
1663 1990 1
654 464 43157
422 126 1
991 1897 43198
1983 1811 2637
748 301 2
1602 998 2
1839 854 46961
347 983 1
1238 1154 1
1349 1291 2
1775 464 45579
1176 855 2
1649 795 9069
666 1648 2
1248 1072 5477
90 1351 1
333 911 1195
218 1628 1
1929 1954 1
74 763 6112
1134 357 7896
1703 423 1
509 491 2
679 328 1
1778 464 1
1920 1458 1
761 1969 9077
2000 95 2
1447 1003 1
1682 1943 32022
477 1919 870
127 1788 1
1139 1314 1943
896 1151 43441
1737 1990 44930
845 701 2401
1356 1710 1
910 1383 1
375 234 1
1768 1991 1
1072 868 42664
422 762 19518
303 1563 1
569 1006 3
1694 870 2
1774 1949 1
1416 353 1
331 1814 1
1444 1136 2
912 1131 1253
102 783 45190
1218 1028 7410
967 653 26077
275 682 4
1874 447 2
217 1935 40871
633 1474 4372
713 1500 2
879 116 48405
980 1110 46054
9 1639 2
1841 471 1
1176 1772 2
1095 464 48501
1015 1071 1
644 251 1
310 1576 2
1176 223 1
475 1537 2
943 1395 41314
1176 1402 46379
1737 1344 1
921 138 41038
1694 761 9076
1208 528 1
632 979 1
356 1523 1
28 1506 1
1176 175 1
1828 389 2
967 464 44293
504 1878 2
1148 1460 43243
81 1960 2
1139 1601 3
778 432 2
1409 1095 1
645 403 1
21 1513 11022
915 1925 870
1475 1038 2
287 220 3640
1853 804 2
427 564 4902
959 329 3
1441 1329 2
1374 1925 43324
1863 309 2
235 83 3645
1248 53 1
1289 1555 2
576 261 2
1327 1966 2
1599 369 1
216 818 4
1165 1297 40235
957 1201 2340
867 1960 6
1984 891 1
188 1484 2
421 670 1
729 441 2
551 706 2
1855 75 1
898 1753 1
1302 48 42248
430 1541 1
943 688 8830
1970 246 2
174 1136 6800
680 1912 2
1790 464 1
1756 400 1
854 1792 9048
1295 1008 403
1028 480 1
1489 1950 42537
818 193 2
575 851 1
794 995 3174
1176 752 40215
1944 919 2
1165 1802 1
925 1976 5
1507 470 1
1386 368 5214
88 1258 1
1892 144 1
1894 1477 1
1984 1221 1
647 1914 24555
1967 156 13090
1772 1831 1
1588 24 2
855 817 1
365 824 1
1811 395 7729
138 464 47045
409 436 45790
156 1220 1
1176 1943 49718
25 490 1
10 1216 37083
1805 1312 39999
162 634 1
1604 1 2
2 627 3
37 316 1
18 1115 1
1436 1537 2
758 1782 1
273 436 10287
1132 650 45091
1682 810 1
948 718 5741
528 1775 2
865 1063 2
1819 1295 5387
350 71 1
847 485 8737
1906 768 1
720 480 1
1768 1459 41898
483 433 19595
1176 1200 1
1467 1208 8027
1174 464 41078
1176 1091 1
1358 235 44220
1830 327 2
503 1828 1
594 1685 1
867 919 1
590 36 369
1562 1657 1
1115 30 42272
1176 165 42540
612 1574 3
1518 1839 2
230 1159 1
1599 327 1
1183 1320 36883
738 1142 3
1094 1211 6793
1876 681 1
1313 464 43223
1118 1401 1
1942 1645 11708
1991 27 2
530 1973 41157
211 662 1
1826 114 2353
346 1399 1
248 1209 2
1040 873 1
1947 1055 2
688 1729 1
601 644 3
340 1477 2
225 951 2
1935 144 40871
758 511 5
717 260 1
1106 1230 5106
1451 688 40225
1176 136 92049
1870 989 1
220 1021 3642
529 1557 1
84 1921 1
1785 1263 8228
1167 1098 1
418 338 2
1450 1307 1
947 181 1
1176 1106 1
552 1660 2
1556 1405 2
1040 1485 1
1183 308 1
531 1675 1
1004 1059 2
806 464 85079
1029 1139 768
1176 281 40344
832 1795 2
1176 964 44010
1550 1200 2
1345 414 2
1176 1717 2
1989 464 40058
317 1058 2
1810 1601 811
1024 833 1762
1176 225 45960
1362 1165 1
1593 1803 1
648 1766 2
502 464 42291
835 515 2
570 1217 40044
1943 39 4694
1947 58 876
1714 1108 2
1006 573 2
1755 1708 1
1280 1288 2
9 1347 30923
62 1953 40022
1615 1345 1
802 1192 7857
352 1113 2
38 1976 4
1282 1084 1
1176 1438 45932
1 1134 1
1387 809 1
1859 464 2
1556 464 1
86 404 44072
978 1485 1
683 464 43353
1787 108 40396
1051 1406 41561
1176 1321 43382
223 531 1
1217 464 2
1780 1751 726
1788 338 331
1686 27 1
1048 222 2
275 796 1
1033 464 45373
1162 1403 1
1176 1218 47242
1485 1526 44844
1357 1918 1
1770 1881 2
1407 1994 3
1974 533 1173
325 526 2
1736 754 1
1641 608 42940
1314 1775 1
42 259 40662
1448 1178 45909
76 556 4
15 1595 1
1216 179 2
483 1715 33507
1004 1729 1
401 354 1
1925 335 1609
1103 1937 1
608 1205 1
1204 1715 2
1225 980 8019
2 118 1860
692 1822 1
939 1949 2
1176 1724 42993
1700 907 5173
1320 1608 36885
1984 411 2
384 464 1
1659 464 41367
625 1956 1
1176 1728 48341
774 1013 1
1091 1947 2
48 751 2
1015 1293 1
1635 1248 5479
757 1213 2
1290 180 33573
940 172 2
552 880 1
1163 903 2
1537 464 41759
765 1413 1
1982 993 1
65 1993 2
275 1466 4176
1300 528 1
21 632 1
558 96 37724
1176 1705 40069
795 16 5761
962 1312 2
879 1795 2
212 1255 1
798 1520 1
542 1291 2
742 70 7409
588 770 40498
254 1978 1
1750 1810 810
1072 218 1
1381 397 46065
1288 1144 2
826 1429 1
183 794 1
580 587 1
1867 464 42240
149 1855 2
197 968 2
720 96 1
1081 1529 40989
1154 1375 2
1931 58 2
657 332 2
1061 1773 2
472 1393 1
1684 1580 2
835 1055 1
753 1644 2
302 1440 42418
1005 205 44370
116 1876 1
48 444 1
1488 946 1
728 1400 2480
1665 1795 1
1803 464 42706
845 1349 40079
1424 869 943
1025 135 1
906 265 2
36 859 369
392 9 30924
1542 1209 42658
72 1447 1
1176 1526 2
1058 349 4
1212 470 44044
728 371 2
1902 1639 1
515 908 40446
1412 998 2
447 1349 8295
590 275 4182
1577 315 1
769 1976 1
821 903 2
1176 1386 47257
245 23 2
304 433 1
427 749 1
890 1359 1
509 1234 16885
162 513 1
1956 1413 3247
1267 1429 41264
277 400 42283
335 725 1
1862 1619 1
742 884 2
128 1812 27235
1331 1477 1
1283 857 2
732 1974 1173
355 1454 20394
301 166 5
1210 621 1
1190 991 2
646 239 2
1117 1487 1
62 206 2159
1112 1444 1
1832 1660 43822
1481 147 1
1730 204 1
145 336 3
685 464 2
490 477 2
415 1706 1
693 302 44930
1365 1563 1
1964 455 2
865 1711 41512
42 836 2
1855 1476 1
1142 1061 1
1443 470 2
780 1765 4
1496 834 2
1176 1780 44174
649 1131 2
1483 1002 1
1469 1514 1
1663 1421 40669
1260 1399 618
1411 1381 3494
600 1481 1
1374 1220 22
765 109 2
942 962 1
1386 433 4407
1809 1351 1
128 348 2
176 1936 2
1226 148 1
465 35 1
462 1313 43222
1550 1408 1
1176 273 92956
1693 1727 2
438 1126 2
311 391 1
715 594 42564
1740 354 44411
1 908 1
517 447 2
895 850 42685
20 464 40333
605 506 1
840 1589 2
928 397 16507
1 464 46484
1282 1904 2
1281 996 1731
1325 1404 1
1517 464 48878
1171 87 1
1005 1225 1
1838 166 2
989 1990 1
254 483 2
1087 1392 5418
1412 1166 1
1142 395 3
1475 1107 1
1647 1711 1
1028 1727 1
113 1833 4292
1699 795 1
801 367 2
820 464 43879
451 464 43375
155 1089 1
1176 1457 49314
551 957 2340
1177 509 1
1727 308 1
348 848 8
1818 1343 32558
1176 412 40251
367 1156 3
708 1819 5397
1176 697 1
1108 1029 767
944 1633 1
313 158 1
604 1824 1
1530 1808 2
718 1861 1
183 498 40120
194 509 2
1454 1291 42763
1410 325 7877
225 1283 1
768 1073 2
1369 9 3
1176 1349 1
1053 857 6304
1097 1239 1
420 1310 48247
748 612 3846
1696 1929 2
156 464 2
286 1961 12209
860 285 866
1724 907 2
610 66 2
1412 1763 1
1036 379 45104
455 1747 47189
1709 1533 2
868 556 1
1233 700 1
752 923 1
1493 1733 39431
949 1633 2
501 217 2
1646 1082 2869
1820 1826 2357
1231 1354 1
1464 1919 46108
379 1021 7246
694 1279 6455
1146 629 1
543 939 1
15 1233 4222
1661 854 1
1446 1964 2
1176 639 41086
1606 79 1
1176 519 42314
1129 1348 3262
1176 1894 42993
370 1384 2
1255 464 44512
910 1541 1
334 1896 1
1269 340 2
1369 1180 2
1681 1967 13095
728 732 46773
1176 1302 42257
433 1464 34261
115 1212 35867
222 464 45307
1728 1215 2
504 314 11361
422 1689 2
1714 577 2
1845 307 2
1489 1075 1
1606 1080 2
670 113 42728
895 1045 1
1608 1689 40863
1176 1439 2
766 203 1
1079 464 42617
1962 1306 1
378 388 1
1367 968 2
1825 420 5328
906 1633 1
1942 502 40213
940 1090 1
1891 464 2
1927 1340 1
288 794 1694
996 349 27872
1635 1681 1
1736 238 1
796 1134 7888
1421 491 40670
500 464 46580
558 1114 1
1614 234 1
1085 1013 2
92 464 43205
1218 1915 2
283 137 35470
1911 347 2
551 802 7857
1888 1263 2
317 464 47612
1521 1134 1
1859 343 1
703 250 2
1176 1715 2
1176 544 41185
1257 1172 2
1950 1931 43159
1984 28 41042
430 1409 2
55 778 1
1836 360 1
1943 72 1
384 371 1
1077 889 1
123 720 40498
116 912 1255
60 464 1
840 1561 1
1278 1494 22367
966 716 2
1176 581 2
1338 728 6454
1113 1799 1
1472 1684 39364
1021 626 40377
336 838 15
1176 1348 47160
519 1603 2
343 464 48262
1375 464 1
460 1566 2
1196 624 1
1283 846 4904
715 297 1
1700 1142 1
216 1617 1
165 925 1
1005 1037 3447
1396 642 2
1765 464 41177
416 1033 1
1066 180 12754
1755 350 2
1343 1966 45426
1176 319 2
1176 1700 44627
1568 1250 2
824 59 2043
617 357 40168
1566 1592 1547
511 735 1
1513 590 4556
303 1716 42632
1938 265 1
435 968 1
952 766 8
1218 1987 39830
412 693 1
135 1585 2
74 1890 2
1318 1568 30932
1813 1720 1
1176 417 49340
1743 1836 1
987 1947 1
1176 1737 48897
1707 302 1
36 161 40612
638 1791 2
1249 930 1
1176 1483 42658
1176 514 44678
182 896 48571
682 1830 1
1176 1548 2
1943 1395 2
1104 1150 1
514 1640 44673
1513 1226 2
598 47 1
509 967 32500
533 1127 5988
210 1660 1
1038 1203 1
633 1433 1
1090 971 42884
979 1571 1
622 1698 1
67 567 35013
1597 464 41443
454 1481 2
583 1847 1
1627 626 3557
1176 715 46158
1979 716 1
600 1304 6882
1419 709 4
895 1790 1
1787 909 1
1503 1788 41759
39 1931 1
1217 434 1
1921 464 1
1375 455 5492
215 1948 1892
16 1421 2
1159 1239 47643
1350 1786 2
1076 1878 2
720 140 1
544 1912 41185
438 1514 1
1483 1347 1
980 1693 1
341 818 7411
794 1409 39055
723 1283 45545
1525 1289 1
39 915 874
708 1450 1
184 1646 2
1582 1185 1
367 564 1
821 27 1
414 1497 1
552 210 2
703 1890 44984
592 372 1
108 317 40394
1176 649 2
763 354 2
130 1868 1
15 1799 3
1176 1085 48156
1443 1670 38429
1321 848 2
1550 1582 1
1513 1436 1
119 1325 2
763 1204 1
980 464 1
374 1519 2
947 50 2
1410 341 48918
827 180 1
1933 754 2
1503 543 3272
857 59 1
1568 1522 2
1552 166 1
1571 547 40709
713 547 2
1176 409 2
1519 925 2
1176 757 44745
871 1392 1
1006 1158 2
728 414 10258
920 253 3
1511 1100 1
1400 463 2480
1176 177 95757
335 1428 1
696 1760 41533
879 706 2
849 1607 6693
518 135 13318
53 66 1
211 182 1
1152 1325 1
1827 801 6
677 420 41102
981 260 2
1728 777 1
1384 362 2
868 1542 42660
1002 1091 2
458 1949 1
701 379 2397
665 1477 2
194 384 1
1147 1890 2
273 720 2
1501 47 1
1938 657 1
1176 1466 48030
122 773 1
261 59 2
825 1592 1
1074 203 1
1763 1399 1
162 200 4026
392 219 2
1915 279 2
1989 1074 1
519 1846 42541
1340 1484 2
30 1100 42274
1148 1446 3556
1143 144 1
873 577 20877
947 401 3
1600 1262 1
997 1294 1
328 386 2
1024 1767 42
1980 703 1
1015 1891 1
865 465 8
1176 1837 1
819 444 1
1439 1031 2
1714 1273 1
823 1350 2
834 1874 2
75 835 1
516 396 1
1486 975 1
286 1462 64
170 576 1
1868 353 2
278 422 19519
1764 160 40217
177 949 46251
1176 670 45325
1795 294 2
1516 731 1
1220 1838 426
33 975 1
1891 396 2
570 1240 1
1877 841 451
1176 1825 46773
1201 756 46016
987 340 2351
822 1710 1
737 71 1
1970 197 5419
845 1583 1
170 793 6
1102 724 1
386 1832 1
116 897 3589
1176 1559 45397
736 1368 2
1321 923 2
1749 1824 1
1847 884 48522
114 569 1
867 1494 1
1279 1338 6454
183 900 2
1017 454 8463
606 932 2
1155 1455 4
720 1305 2
713 464 2
1166 1882 36990
1850 903 2
181 556 1
877 195 1
1176 948 49585
375 1917 1
1137 1352 1
485 1159 37360
731 58 1
659 1207 1
1677 759 1
1835 1026 42899
1042 464 2
1348 99 13112
948 1607 1
576 794 2
965 754 2
855 514 1
1200 1282 1
1639 928 1
606 1658 43961
225 881 1
1975 557 1
1176 728 49261
536 1822 1796
1956 1747 1
1231 1015 5428
314 464 1
1112 1408 1
1325 144 1
1482 1593 1
1176 485 1
212 1466 40528
231 1167 8431
638 1599 1
48 785 37788
877 1594 1
585 464 1
1466 1376 2451
1216 1636 2
585 886 1
1902 1597 1
715 431 1
1371 236 1
1648 464 45058
59 464 48732
990 421 1
465 1878 1
1471 339 1
1747 464 47190
858 1004 1
1868 1116 2
389 138 6003
117 1670 2
1138 37 5
1810 1393 1
1065 647 2
1176 860 41929
1282 1487 1
1989 488 2
374 1269 1
263 916 2
860 780 2
1943 659 33957
1513 563 2
1531 890 1
1535 1961 2
1965 1 40476
1483 221 2
1320 1731 1
1450 268 2
1431 1569 1
752 651 443
1912 1720 41187
230 1413 1
793 251 1
1060 731 2
1776 15 9
1178 895 45903
1176 530 41159
1393 1158 2
409 114 2
1291 464 46171
217 464 40562
123 1941 1
576 422 2
351 1151 1
1651 1093 1265
481 727 1
606 1205 1
1595 869 1558
498 596 43811
1389 1145 2
1395 1350 41317
1451 1944 2
1506 299 39955
333 653 1
79 1352 23648
757 1059 2
1943 1239 1
1278 569 1
1388 703 2
1480 951 1
759 302 2
804 464 43047
791 441 2
950 220 1
1520 464 4
136 378 39718
43 1592 1
1982 688 2
1415 298 1
1917 111 2
1412 370 1522
898 777 1
99 1359 29371
1469 991 2
1131 972 1255
1831 505 1
220 1066 1
1799 1756 1
588 464 1
83 416 2
115 1532 4273
623 749 1
1325 1711 6732
156 372 14544
1557 1733 1
1419 68 8183
1820 1450 7
1126 1260 2
195 277 2
1148 6 1
378 979 1
1783 349 1
1578 1531 42030
260 1710 905
412 1606 40246
1582 797 1
1318 84 2
1519 1736 1
1176 497 2
1172 1624 2
1665 737 2734
1375 1720 1
1843 1401 1
167 1833 37078
231 1320 2
1176 503 1
1253 1060 2
1226 1772 1
1156 1805 1
629 626 1
1934 484 40773
1412 308 2
1002 1792 2
146 1324 1
374 1617 2
857 464 40012
1250 998 1
882 692 40299
1633 390 1
77 455 1
1013 396 2
1346 1304 1
1199 458 1
1176 850 2
800 464 44945
60 1564 1
797 1168 2
926 1778 3974
972 750 1252
1547 1152 3
1512 464 45972
497 470 2
1452 464 85148
1780 1106 5108
354 288 46110
740 464 45019
436 800 1
1772 1188 1
10 1702 1
787 889 40613
1176 86 46159
1176 464 100000
169 1166 1
551 936 37676
1305 1099 1
1987 1082 2
626 1351 43941
1633 731 2
1302 1962 1
1646 1639 40701
206 300 2163
1032 339 1
886 1383 2
1383 464 43963
1072 148 1
1592 896 1551
1451 1414 1
1914 1042 1
12 233 1
1144 1517 40690
1862 464 43548
1205 1392 2
898 920 32248
1176 600 48701
471 1291 2
1361 1517 8181
1085 879 2
850 1307 40517
1943 20 2
709 1930 1
1523 873 1
1624 464 49755
1176 1768 43767
973 1737 2345
1176 845 42482
490 1202 41760
1176 833 40981
397 464 47161
1760 1585 2
1459 1466 1
278 1340 2
1063 1618 2
658 1911 2
1459 10 1
1488 594 1
513 1833 5988
39 572 2
666 756 1
406 824 1
35 1118 5
1987 1978 1
650 464 46056
567 1117 1
1687 1799 2
1176 572 43211
16 1520 2
335 493 42357
1072 398 8646
587 1885 1
1646 441 2
177 1890 1
1176 245 46789
197 1495 5414
285 1239 2
1828 464 48669
433 464 2
989 1270 40618
1176 252 42542
1302 1673 2
1961 921 1
768 16 1
1392 1801 1
1973 1391 2
917 253 1
1084 693 4445
24 1816 2
109 1464 8605
979 1525 1
1825 1357 41442
1205 874 2
1894 1201 47747
1923 1205 2
994 1372 2
1698 1648 1
1851 203 1
161 1422 2
1551 164 1
533 608 1247
135 1822 1
667 1421 1
772 1867 5218
756 464 48339
980 1830 8
1176 840 45844
1176 239 2
1402 1578 42035
630 1838 1
564 716 4904
177 1816 1
999 448 1
1154 1415 1
1046 248 41806
867 670 1
953 873 1
437 1329 1
1176 906 45753
21 1798 1
1722 464 2
195 351 3729
412 598 2
1717 1476 2
926 561 1
540 427 1
504 789 1
540 90 2
639 1653 1
1481 104 13433
1049 1170 1
1180 1548 1
1888 1436 2
1458 1771 1
140 372 43635
601 228 33274
1162 822 1
690 1692 1
1219 1857 1
563 1854 1
546 1043 1
1465 1773 7873
784 711 30233
1500 20 2
1176 891 1
321 1925 2
657 917 1
1715 1051 41561
404 1493 39431
1585 464 1
454 1822 7022
1396 46 41565
888 994 5
1479 1992 2
748 592 2173
1431 103 1
1271 1566 2
272 346 1
353 547 2
1176 832 46452
286 1066 1
1769 1910 5089
540 1757 1
236 1452 45002
1101 1852 2
1354 384 1
529 310 2
1870 464 1
1873 582 1
565 205 2
540 321 2
1176 1065 2
869 601 33270
1073 362 1
1683 550 2
1176 1550 43397
897 1437 1
539 1399 1
1306 1639 2
1251 1015 7214
1302 1556 1
1421 1050 2
1176 921 41035
1544 542 2
327 58 1
115 883 2
1822 406 1
116 1933 2
1085 1107 2
1037 16 40105
1176 620 1
1943 561 42195
1846 1485 42309
1234 464 42957
166 1409 8
521 1442 2
1357 455 2
1895 1925 40451
1278 498 45316
223 1230 1
860 396 1
1299 866 1
123 433 2
82 919 1
1886 1925 1
1627 464 2
1534 1169 39277
1460 104 43243
1144 299 5489
23 263 2
1082 470 2871
367 769 361
1475 278 1
352 606 1
113 1095 48497
1939 1153 1
1176 335 42359
1176 1217 2
964 320 1
504 1500 1
752 1083 2
767 441 1
1472 1855 2
1952 1053 2
877 278 19524
1920 1192 2
167 58 2
952 1522 2
1310 705 48246
529 1374 42808
1176 1045 1
851 1949 2
1595 1959 1
183 877 2
55 703 1
1176 1517 2
540 1661 40052
1827 321 1
1176 1863 2
176 759 2
472 1299 1
51 1669 37716
1202 1366 43444
1176 1905 1
912 237 2
42 1600 2
872 1954 1
1641 1112 1
1391 161 2
1302 1638 1
1576 1033 5064
783 1842 1
1534 763 1628
1105 1645 2
417 867 2842
946 1942 1
1247 1204 1
1402 916 2
1649 796 2
1176 176 43948
124 201 2
486 861 2
63 281 2
341 1667 1
1483 464 46124
1862 1380 2
1350 464 49811
9 577 1
849 308 48250
344 1914 2
458 397 16248
1026 1939 1
444 889 3626
1233 1444 3
1638 1132 3106
1720 599 41190
1645 1878 11713
1482 464 42190
690 178 40144
1427 706 2
1189 1402 5919
790 806 1
1176 1475 48453
543 464 41276
1767 891 42392
681 464 2
1365 22 2
233 1193 1
1764 1284 2
19 1306 4
1401 1126 1
210 302 1
557 470 2
1716 1945 2
1176 586 44324
1526 464 44849
1555 464 44641
407 1535 2
227 415 1
616 217 2
865 1320 2
1122 1765 2
832 1373 5418
418 1637 2
1284 1659 41359
1548 1201 1
605 1399 1
1176 810 49188
1203 1816 40139
1007 469 1
1176 1225 87703
899 1859 2
874 1049 1
732 358 4774
1637 670 2
1217 642 2
129 464 49254
1812 890 22411
1650 1627 3558
1687 871 13100
1463 520 4495
1914 866 23164
1409 1404 41696
1361 516 1
1448 38 2
239 59 6336
809 1383 7
1299 1902 6
686 1270 2
1199 1103 1
511 891 2
1219 211 1
818 790 1
1280 1414 4
1827 504 1
1229 923 1
571 355 4
1243 1711 11
162 45 1
1778 1487 3973
426 1392 1
1251 416 41167
1483 1138 1
712 1061 1
1029 1788 1
1154 954 1
1176 1845 49627
242 1424 942
1475 1103 48448
1522 1158 1
1760 192 41531
1726 1648 2
841 965 3
1101 1570 40415
376 1019 1
339 180 2
149 350 1
910 1480 1
190 464 2
975 861 3635
358 1053 4775
1324 1484 1
1240 234 1
1788 1484 42021
1728 1709 2032
879 1238 1
763 1381 1
990 1407 2
570 217 8843
183 768 1
298 1865 2
50 786 1
521 227 2
1943 464 46610
923 564 1
387 1880 42602
876 381 1
543 1950 6363
1410 1349 1
716 1764 1
370 15 1519
44 1821 1
81 219 1
1333 1776 44657
1450 383 1
1204 299 1
201 1123 1
680 661 2
1781 551 47879
1176 1113 48145
1874 964 28178
1183 1407 1
1692 464 2
1497 1597 1
841 40 40605
1765 372 1
1026 1077 3
324 1884 1
1071 968 1
37 147 2
1494 1454 22368
580 1262 1
118 791 2
1143 1476 40532
216 1046 4
956 572 5474
1894 244 1
1550 1820 2366
81 962 1
1033 1021 1
1106 884 1
1729 464 1
333 1387 1
1916 665 5
88 1050 1
972 749 2
768 555 2
1662 1986 41805
993 1366 1
504 913 43350
1954 464 2
155 190 7
411 727 3
720 644 2
737 1485 1
1777 919 44324
1912 141 1
1601 1128 815
1574 996 4
1344 1409 1
635 400 2
27 173 1
76 854 7061
1310 455 1
1496 1923 2
713 229 1768
1099 1898 46823
1236 354 2
1031 222 2
1007 1713 1
927 977 1
1273 850 40995
1091 1686 2
540 301 2
1343 1720 2
135 1905 48132
1498 1811 1
1617 1324 1
1176 648 49288
1605 260 901
737 1755 1
849 648 1
962 339 2
1176 1787 49217
773 1847 1771
1898 1291 40205
879 553 1
1808 320 14582
468 199 1
488 1934 2
1518 703 1
705 464 48250
266 581 2
1413 1491 1
62 464 42459
117 60 9034
758 1188 2
250 968 92
606 77 1
724 983 1
810 874 6768
1152 644 2
242 1019 1
125 595 1
44 340 1
1177 1216 1
1406 1993 41563
381 1636 1
1263 1128 1
842 288 2
709 1969 2
1443 207 1
1569 1613 1
1830 1032 6
1008 1530 1
274 1361 8181
423 1490 1
868 1992 1
248 1796 1
620 464 2
416 1383 43951
1412 925 2
898 1653 10603
65 1158 2
1616 464 40618
1318 1913 1
718 1589 5731
963 1335 2
572 1871 2
1643 1066 2659
942 337 1
1178 773 2
48 1518 44668
1965 447 8290
1176 420 45416
211 1636 2
909 180 2
959 281 3583
1817 1999 2
1819 1357 6
1176 407 40685
764 811 1
594 485 42533
1550 338 1
1508 57 1
1674 235 1
788 1399 6730
100 1026 4406
1792 1524 9050
347 1636 4
962 298 1
915 128 2
1176 1534 40903
1176 961 2
1812 335 4826
927 464 40323
1963 464 45428
582 1201 1
612 1376 1
1734 1249 1
1357 1597 41441
596 277 2
990 56 822
1219 1309 1
837 1790 1
990 464 43090
504 1888 5
832 1508 2
1799 497 2
46 1014 1
1323 1170 2
788 756 2321
673 223 1
1345 30 2
1612 824 1
357 464 48071
1438 1892 1
633 501 1
481 612 2
748 585 40091
194 464 43886
687 908 2
207 1566 1
1145 1530 1
1113 1982 40680
1176 333 45687
311 1537 2
1105 1084 1
973 1780 5110
848 1715 10
194 1953 2
108 1420 2
1176 1247 2
494 1066 12747
119 268 959
78 1804 1
1522 556 1
1743 1897 1
1550 1822 41023
937 1823 1
1295 1783 1
784 1282 1
610 1311 1
491 464 44037
977 251 2
697 44 4
1386 536 1797
1004 1853 1
985 1609 1
1323 1511 1
352 713 43495
481 684 40181
448 199 1334
1989 776 1
773 1532 1
1059 1352 16
665 464 46309
1951 1093 3670
1650 1359 2
1176 1102 2
1487 863 3976
40 200 40605
1983 385 634
1037 191 1
135 1386 1
1169 1253 1
1156 763 1
41 18 1
119 362 1876
1199 393 1
170 830 2
1306 1395 2
1176 977 44531
1727 809 2
1176 942 2
1929 1891 2
578 1263 1
777 1043 85
1316 354 1
1959 1213 1
1708 999 1
1176 1358 44225
1462 1323 65
1176 696 45988
614 836 2
533 381 2
270 1931 2
920 102 39123
1280 1570 7756
1148 1739 42172
944 395 1
926 398 2
1176 1318 41637
648 464 40806
1282 1126 4
509 1914 1
687 1280 7762
912 153 2
1460 1025 1
287 1644 1
394 1831 1
769 705 1
1883 215 1
1039 978 1
1706 1832 2
75 387 1134
1162 1356 1
718 707 3
354 1474 1
1770 1922 1
180 464 46335
1199 1269 28885
785 283 37786
95 336 2
378 423 2
884 464 48526
1176 23 45023
1176 1687 13106
15 246 1
1247 1842 1
1444 1627 1
879 1877 452
1949 464 41259
436 975 2
1431 1024 2
316 595 1
953 1 4120
606 1452 2
178 1809 1
1470 1318 29436
22 630 1
396 464 49189
818 1194 1
565 1222 8
563 586 1
415 1452 40140
1358 1492 2
1176 529 88606
1943 1488 6
1193 1168 2
367 1517 2
947 782 5074
540 128 1
1294 1216 1
1960 215 1893
333 803 1
1666 1686 5073
592 464 42435
807 1950 1
416 464 49027
1362 1791 45927
1801 994 10
947 940 6
536 1880 1
462 1871 1
1358 1912 1
199 283 1329
1967 12 1
162 1202 1
595 1583 1269
504 308 1
1450 242 2
1380 533 70
359 1558 2
1973 981 2
539 896 2
529 238 1
1340 1367 1
1230 1066 5109
1366 464 44916
914 771 38689
1208 485 1
199 1476 2
961 463 2
813 1929 1
751 1429 21731
553 363 1
877 1220 402
1231 1017 2
771 1775 45573
1268 507 1
1176 375 49247
482 1537 1199
897 25 1
1735 226 1
849 909 1
1795 1208 2
994 800 3702
48 1385 3623
420 763 43365
763 1934 1
335 794 12421
793 657 3
1176 1873 2
895 1394 1
1176 1027 43620
926 1325 2
554 1570 1
1348 1094 31227
1410 1585 2
1572 1922 1
1739 277 42275
145 464 1
235 101 1
1657 1842 1
178 415 40140
1830 1053 1
1176 723 45548
1673 464 3
1244 1140 1
1225 403 41242
1335 1775 2
1107 1015 2
976 464 1
1631 1842 1
720 42 40493
539 1408 1
789 1170 1
1385 1962 3622
863 1983 3271
843 992 1
1880 1079 42607
1672 1284 1
1689 251 40865
1127 513 5988
75 944 1
807 1989 40061
1821 462 1
381 1628 4
1176 149 40305
790 1950 2137
278 616 3
168 928 14731
1176 1410 49961
1092 959 2
45 464 2
542 1209 2
1851 687 1
1653 604 10606
533 1818 2
1200 40 1
191 980 2
1176 1007 46343
849 272 5
842 1225 1
15 1762 36910
1176 947 42360
436 1837 1
1039 1880 2
1259 1817 2
848 1702 1
1176 863 44959
1222 720 2
949 263 1764
940 920 2
616 706 1
1412 1519 1
1176 1346 1
1176 558 43116
418 1260 611
313 1969 33214
1532 975 44239
1176 1183 49381
1729 1477 8267
438 162 4035
192 355 20390
1176 1866 2
1176 708 48067
1789 477 2
653 129 26079
1189 265 42200
727 892 1
1472 1190 2
46 1839 41565
96 836 2
1412 260 1
1374 188 3
227 442 1
1589 1112 6
330 1604 2
1093 1374 1265
1325 464 43354
1176 1036 45104
948 287 1
679 464 42286
1898 464 44295
828 1585 1
2 1766 3983
231 1865 1
913 825 1
682 907 2
910 464 47126
88 783 2
948 1939 2
585 1267 40089
925 826 2
1466 211 4
1176 879 90555
1259 771 1
1787 1212 8820
137 395 35471
1176 749 1
1611 334 1
770 464 40498
41 275 1
57 1890 1
1354 1126 2
1894 1500 40479
1713 1021 1
1176 1419 49556
1435 1611 1
389 464 46279
1542 1312 2
160 1639 40217
139 1029 1
845 1599 1
651 1143 443
1267 609 41003
746 138 1
1321 156 43376
1376 464 2
58 903 43293
345 1004 2
1972 885 1
272 244 2
96 1641 42944
954 984 17705
1162 697 4
1216 167 37078
713 470 2
1358 1763 2
840 1832 2
818 1109 1
155 621 43715
1291 896 36805
546 1742 2
1176 140 43634
1547 1646 5678
731 1291 1
1073 1676 1
1136 464 48623
3 1116 42340
1635 1775 1
608 464 88666
347 464 43448
1676 464 1
598 464 1
287 1669 2
648 821 2
481 16 1690
1219 1094 2
1929 1239 1
975 1293 43690
677 882 2
836 1842 2
748 146 1
1640 882 40297
1541 1803 2
65 1234 30193
1176 910 82484
1299 1021 1
1976 1237 2
889 464 87787
621 520 43720
1655 287 1
303 1736 1
371 1136 41820
128 1653 2
1764 1258 6778
715 1585 2
1216 1900 1
1969 464 42296
757 1196 1893
1982 1663 40673
1774 254 1
606 608 2
7 1342 1
183 773 1
1639 432 42926
708 1547 42666
1145 968 2
1745 916 3
1524 573 9054
1295 692 1
1015 1970 5423
670 464 41030
1838 1999 2
647 1733 746
31 1833 1
1914 1842 41603
1987 1369 39826
1613 626 2
567 603 2
319 1423 2
518 483 42212
303 19 4310
245 1231 8672
1277 435 1
1269 1751 2
679 1253 1
4 104 1
86 1948 1
1681 664 1
369 182 1
841 117 1
735 1453 1
1176 588 2
1658 1765 41172
67 532 2
1076 1949 1
1302 546 2
1781 1181 1
67 86 1
1112 1059 2
1159 1950 5258
314 788 2
1817 1669 3082
1436 998 5
1651 1429 2
1724 1825 1
757 1257 42848
1211 174 6795
907 1847 45272
1454 92 2
465 1170 2
238 967 7
136 1853 1
748 515 1
558 253 2
40 678 1
436 26 2
1303 838 1
749 464 42180
175 569 1
406 228 40116
878 464 42718
906 1180 1
923 16 1
403 515 1
1550 912 1
294 666 3
1814 1319 49273
328 874 2
1682 1496 3987
1176 1797 46711
382 371 2
895 1510 3213
1742 599 1752
1955 1318 2
1045 1733 2
1263 1359 8231
1776 214 1146
1176 1588 2
1007 1611 34026
1561 64 1
1429 182 37960
1488 1138 4
1176 848 1
1845 35 49251
480 119 2832
469 905 1
1295 1647 2299
1902 1990 3
1762 736 2
923 1277 1
1176 1024 42067
3 954 17705
176 74 42042
205 1174 44373
657 1891 1
412 1447 1
1687 732 1
642 274 2
193 1832 1
1796 854 1
1890 464 44993
1665 492 2
644 464 40454
782 1146 1
713 147 41721
128 527 1
1213 1659 2
1362 1526 1
322 738 1
1813 427 4901
116 3 43556
1317 128 27239
614 547 6928
869 1846 1540
1824 464 44210
200 1555 44633
690 1786 2
1919 1022 42741
1114 1544 1
1176 362 2
542 1584 1
340 1832 2352
905 464 2
329 1613 2
1646 1783 1
891 1914 40204
933 1221 1
1176 1938 2
314 1032 4093
1215 706 2
818 299 1
136 947 9997
498 464 41625
1731 1335 1
720 1047 2
1214 129 2
171 909 3240
861 1270 2200
782 1666 5073
729 1109 130
1432 1080 2
317 1572 36396
838 79 18
1691 509 1
832 464 41027
1295 997 2682
1187 593 1
1170 1484 3541
986 13 1
1835 1989 2
1150 1517 3
826 1474 41759
1669 629 3080
1734 1148 39499
1245 36 40613
236 857 1
144 464 40874
525 1136 1
1457 1677 4
977 752 44528
1618 896 2
673 464 40006
131 570 2
1939 1545 1
1993 1111 41568
1202 228 1
270 1329 1
1347 794 30924
7 1618 1
1169 826 39274
1336 464 41182
1925 416 41294
1270 222 42823
1208 1828 8027
1978 1058 1
1024 592 40265
725 464 1
218 1551 1
172 102 2
563 1111 1
629 975 3080
590 1129 2
1852 1186 2
42 518 36140
314 572 7269
1196 838 2
1176 1984 41046
677 636 3262
930 1832 2
372 1947 875
184 818 1
947 1386 4404
557 1495 1
203 1686 1
1282 308 1
1176 1189 48121
1176 21 49136
676 1696 3
142 1273 40994
1833 1931 5984
1027 1810 43614
520 464 48215
700 583 1
1070 113 1
219 1484 1
1015 34 7216
952 1827 41242
1492 1715 2
1405 500 2
1176 67 35017
1532 1661 2219
1677 1823 1
1357 1585 2
1607 1805 6692
104 1871 46619
854 703 44977
1271 925 1
386 1432 1
1884 827 1
328 1814 1
438 849 37006
954 1128 1
372 1808 14580
859 367 368
1893 1949 1
115 1417 1
684 1325 40182
909 1464 3242
42 1481 13431
1684 1102 1
499 1711 1
1663 1091 1
603 1589 1
417 1055 2
610 826 1
1982 1460 1
994 464 44856
593 1549 1
52 1144 42866
1986 1122 2
403 800 41243
1927 650 1
475 1383 2
190 1422 1
1176 1556 2
1826 1624 2
710 1711 1
631 452 1
74 6 35928
906 1943 45747
1781 1203 1
1516 1162 12
980 34 3665
515 464 48322
1099 191 1
354 1427 2
228 1352 45735
1409 371 43034
1878 1255 23536
1238 289 1
1781 828 1
891 1055 2189
497 1729 2
1176 968 1
111 455 41692
1827 1004 2
521 1282 7
83 1566 2
1646 464 44315
568 1150 1
1734 410 2
440 1899 1
543 31 1
521 976 2
103 1693 1
1431 136 2
96 679 42289
678 70 2
1090 464 2
1189 385 2
1212 1174 643
1529 464 40989
696 1635 4450
1670 670 38430
1684 216 39360
1790 289 1
1691 113 2
659 648 33953
565 1664 1
374 365 16488
620 884 1
375 1882 48630
567 1559 35006
123 561 1
569 404 1
1994 206 3
752 1942 44894
1749 644 40448
1709 309 43073
1510 809 2
388 921 1
1281 464 1
88 1427 2
190 1154 3
395 1033 40305
242 485 1
1919 464 47447
1870 194 2
801 1039 1
1269 1532 42182
10 732 1
1495 1360 5418
337 836 1
463 874 1
1491 464 43688
1176 1767 41278
1376 500 1
951 1916 1
1196 1845 1888
1176 943 90608
886 1649 1
39 493 2
253 1081 40989
690 399 1
1219 525 1
1618 1289 1
1578 200 2
1283 371 2
273 988 41982
1380 846 2
1199 1037 36664
1885 1842 1
985 1095 1
353 1899 1
1269 1094 1
1361 349 1
109 247 1
1931 1128 49148
436 1283 2
1381 995 40699
1006 983 2
71 464 1
1609 458 1
420 1745 1
731 464 2
1307 1512 2
1178 1437 1
1257 1804 42845
581 1616 2
1053 777 80
1163 251 1
1759 348 1
1576 491 3365
1044 43 2
1169 1134 2
532 1325 2
34 483 10886
1170 1698 26698
570 878 2
715 637 5
442 1418 1
1176 509 49383
1904 1659 2
526 1079 2
448 1583 40957
90 756 1
256 1823 1
1936 105 3
1986 924 1
1758 1066 1
1304 771 6883
1888 596 1
692 464 40299
1269 1484 2
1110 1738 5731
1571 857 1
592 416 2
96 954 2
474 34 1
823 194 2
337 661 1
1006 804 1
891 262 2
833 777 2
1025 1850 1
1507 464 1
1544 846 1862
177 876 41469
278 729 1
436 764 1
1823 348 3
867 1702 1
1324 804 2
1661 1115 42270
1176 155 44715
110 1454 2
840 1655 1
179 464 2
1617 920 6874
998 1715 8037
68 274 8182
1233 252 4216
216 686 39347
874 571 2
763 1628 6106
1028 1100 1
1166 1715 1
1302 1916 2
1882 1919 43210
1844 1711 2
35 898 42851
1942 635 1
797 464 1
1127 463 1
1176 1472 46612
17 464 2
1952 1022 1
1509 1045 1
1176 1202 2
1695 64 1
1772 852 2
1176 907 40099
563 608 44477
1262 626 1
1015 956 2
677 1814 1
542 1897 2
913 683 43351
1176 1219 48659
339 49 2
717 1868 1
122 1710 1
251 464 40873
1207 147 1
31 125 1
1389 51 24124
1399 1878 9133
973 1066 1
1768 1883 1
1990 1359 45122
56 820 2
1118 221 2
1566 464 1
1402 986 1
614 650 1
1106 824 1
636 1129 3260
1500 693 40482
962 1733 1
1705 1786 1
109 925 1
1838 836 424
1176 1835 42903
1503 1930 1
448 1524 2
907 311 2
1176 1323 42324
309 464 43076
281 464 43932
1359 1922 44857
1201 1048 2
830 305 1
170 1317 27239
1783 385 1
231 1440 2
1283 1828 40640
1204 111 1
732 217 1
1432 1335 2
1225 667 38443
849 65 30197
879 111 41691
1918 1774 1
448 389 1
896 464 43500
563 1105 2
1990 1931 1
1055 650 2
1414 464 2
1176 1972 1
1797 1741 1
1658 120 1
21 1480 1
1636 1878 9
910 161 2
1568 392 30928
766 324 7
111 1733 2
153 276 1
1810 317 43612
1937 238 1
329 362 1
1585 1209 11
1007 1084 12315
143 486 1
1222 1155 5
263 1905 1766
1813 474 1
841 638 1435
1531 494 15095
266 267 1
142 779 1
1561 857 1
1533 288 2
1323 820 2
1176 1229 45035
1951 996 43062
1369 769 39821
1014 595 2
1180 34 4
795 1884 3309
119 683 2
511 1436 2
1176 238 2
638 870 1
1183 1044 2
112 595 43603
765 1361 2
246 458 3213
514 256 1
389 1803 2
436 212 40528
1960 382 2
1868 1090 42882
1476 464 40539
285 477 864
1176 1049 1
947 1371 1
1674 1002 2
1866 464 41202
673 1886 1
639 966 1
86 1028 27765
517 1159 15539
402 1237 1
350 548 2
47 1832 40520
237 609 2
1089 850 1
1370 1750 14643
1973 205 2
1176 565 12
1804 1341 2
990 1039 3061
299 464 45447
1777 806 1
673 672 2
1407 609 1
1550 1980 2
586 1777 44325
51 1822 24124
1102 1624 2
266 533 40661
1248 621 1
580 1431 7225
216 1271 2
414 433 10258
1727 1001 1
265 462 1
865 25 1
1698 1616 40611
1822 168 14729
751 1251 41167
244 1948 5434
23 314 2
286 621 27967
707 1691 3
395 1537 43213
1873 1707 2
513 1139 1
881 408 1
576 758 2
378 536 1
1110 1854 40323
1394 1128 2
897 1422 2
132 1672 1
1455 1375 2
1176 1228 1
226 1219 1
1490 966 1
1135 129 2
1578 464 2
867 790 2
1986 1278 41801
995 820 43875
1277 1368 1
797 1905 5489
1703 1134 1
214 543 2
1022 464 42742
1592 908 2
1101 1324 2
857 1648 2
470 464 46926
6 313 33211
1329 983 1
1572 1624 36395
367 1917 1
492 1495 1
1188 1202 2
977 1498 2
621 742 1
235 1204 1
1955 112 42393
39 279 3811
305 568 1
1716 502 2078
1839 1342 1
458 1859 1
1819 635 1
1176 841 49685
1245 552 6
924 219 2
542 1638 1
1681 81 2
1967 1930 2
1176 55 2
136 1894 1
1267 1147 257
978 1105 1
558 1174 1
1374 51 37716
1176 865 41527
959 896 1
360 1079 2
1440 464 42420
1176 1781 47884
362 1 1883
769 751 20708
93 464 41404
1176 1005 47818
203 201 1
1623 680 2
104 113 10058
612 1312 2
786 1059 1
268 650 961
976 890 4373
1791 805 1773
463 826 2481
1549 357 1
1865 684 1
867 1132 2
1080 432 6
1126 464 43011
576 1847 2
1455 88 1
1428 1669 1
28 594 41041
23 1064 40407
411 132 3
923 464 1
563 719 2222
1670 1976 1
1176 1046 41802
729 515 42941
320 1342 17761
1201 836 4071
1855 1980 1
1640 1469 4376
749 1660 2
410 1336 2
1123 777 1
604 182 10605
1305 1839 1
1930 331 2
558 1457 5388
1559 81 1
947 4 1
1682 1929 1
1480 1571 40707
1707 1828 1
1578 1735 1
492 885 1
1953 464 40024
1826 1873 2
639 656 1
947 1522 42864
223 289 1
1705 1854 1
911 1500 2
1795 1976 1
876 387 41468
1297 1314 40235
1374 1411 3494
1047 274 2
1181 1650 1
1447 1023 1
1905 464 49901
484 1004 40773
1660 464 43827
1116 236 41753
1354 1785 8229
307 483 1
1728 464 46306
1004 464 49558
801 1342 2
1554 99 16259
116 747 1
840 1072 45835
1021 967 35050
1888 1931 1
1749 1846 1
455 1759 1
1402 1794 2
1414 1350 1
1176 1412 48975
1221 1312 1
1884 1144 3310
1342 464 47616
416 372 2
215 1773 1
907 557 1
1677 1583 2
1950 1956 3247
235 571 2
1833 464 41375
328 1251 7214
25 1526 1
530 1017 1
183 1092 2
1234 953 4121
1357 109 1
718 396 1
1797 803 2
1178 544 1
393 1744 1
580 1183 12
367 1952 2
116 1431 1
805 928 1773
454 870 1437
1845 980 2257
1267 464 2
590 1454 1
216 267 1
1176 187 2
177 60 2
1651 858 1
383 322 1
102 1899 1
1705 1073 1
1360 1284 4157
1703 806 1
1176 1259 41138
1422 983 1
1837 452 1
1466 1281 46749
1002 1395 1
1403 1491 1
1307 47 40517
1176 1847 40275
1231 171 3240
1113 973 7461
693 400 1
221 772 2
1393 331 1
1176 68 2
1138 1520 1
417 112 46489
1531 846 26934
840 1294 1
1176 1480 44438
1950 1485 9887
1649 1839 5390
385 187 637
1466 703 2
1749 381 1
235 62 40571
1513 1371 1
972 681 1
1359 319 41942
868 817 2
266 1462 1
541 885 1
544 119 2
639 1268 2
1582 706 1
1940 578 1
1176 1951 46732
728 1793 2
1485 105 40501
1768 1079 2
609 464 41004
44 509 2
861 1558 45819
1333 360 1
1053 247 4704
1365 352 44223
866 129 23167
551 661 2
1933 921 2
708 885 1
1681 1906 2
727 1867 1
1032 596 4096
1162 1156 1
1209 824 2039
1432 251 1
266 842 5
1451 1532 2
404 507 4643
374 86 25681
1167 888 2
258 20 2
399 37 1
716 599 4906
226 281 1
1950 251 1
1498 239 1
1404 464 41701
903 464 43300
590 1180 2
447 601 4
1176 1758 40462
1140 1360 1
1822 861 44382
1258 790 6779
408 1313 1
199 1135 2
1176 123 40506
1176 1144 1
1797 1507 2
943 354 2
21 784 30234
84 394 1
1457 1649 14461
1559 464 45090
1700 1246 1
715 768 3584
1402 1199 10254
1039 194 3059
1536 577 26342
1321 230 2
1045 357 2
340 996 2
219 133 1
289 281 2
1741 184 1
996 1491 43686
714 1138 1
1153 1366 2
1720 1260 2
1895 1791 1
1113 1307 1
1871 1352 46623
576 1019 1
1176 66 47914
910 633 4375
1372 1878 2
1768 319 1
1617 125 1
1426 1841 1
374 1878 2
259 1368 40662
1137 996 26759
1027 1776 2
1019 798 1
1354 500 40853
567 738 2
948 212 1
1176 183 40133
242 1574 1
1766 693 1
1685 1284 1
401 654 2
205 1779 1
1176 1562 47532
1989 723 1
1001 1075 1
1312 302 40006
1431 1733 1
1176 658 1
599 464 47850
23 244 4612
850 464 43163
1176 673 40012
1958 819 1
365 3 16487
1196 356 2
1183 1483 3469
1690 464 2
810 253 42421
940 1354 1
1865 928 2
1594 1878 1
888 180 1
102 1055 39059
1714 42 2207
1961 1738 1
1156 1993 2
1513 1174 2
1945 778 2
50 1801 1
1176 1104 1
462 1832 941
411 1638 43217
1005 220 2
727 38 2
1999 896 9
275 1111 1
1103 1111 1
1004 1290 33574
1323 1844 1890
998 59 40349
1176 1764 49660
638 984 1431
1257 1601 2
86 1979 1
22 476 1
1309 1270 1
177 1467 8031
1799 1772 3
1176 93 41968
1603 129 1
1420 464 2
234 1126 1
1822 464 42819
1037 131 4
1615 88 4
687 1389 40769
778 1949 1
1763 1255 2
1237 1109 42847
494 464 49371
1709 1539 1
1402 1171 1
800 1404 1
51 126 1
1514 1075 2
1192 994 7861
635 464 2
631 1531 2
817 1341 2
67 911 1
677 1436 2
1900 991 2
1703 2 5846
1467 404 1
610 809 2
1143 340 2
533 474 1
265 886 1
1577 258 40697
413 626 1
919 464 49406
1633 458 1
29 1000 1
1647 1361 2298
1771 705 1
1139 836 767
1718 1381 40699
370 1260 1
493 588 1
1675 653 1
164 1644 1
863 1409 45665
964 617 40169
1423 1255 2
891 1292 1
1940 817 1
1259 448 41135
1176 751 42190
1786 1059 9
1176 1868 42885
86 1699 2
350 447 1
951 1294 1
105 1624 554
118 1240 1
1176 52 1
1209 389 40867
197 1648 2
1176 303 46946
1834 894 1
214 1490 2
1514 1570 2
1457 1673 1
1109 464 42981
543 623 1
1103 1501 2
123 1095 2
867 480 2830
71 1267 1
1191 1396 41573
1176 1470 45193
1118 1750 2
769 1459 2
1595 852 2743
70 464 47138
723 854 1
667 1406 2
1176 815 2
44 501 1
1950 635 2
1773 1168 7877
1433 1252 1
1816 464 49175
1176 1665 2737
223 763 1
6 464 2
1531 851 1
315 464 2
1627 848 2
932 122 2
982 1239 1
1093 1818 3670
976 1263 1
351 1150 2
1172 1897 2
1292 1847 1
1955 407 2
668 163 1
1851 1101 40421
1469 1616 2
1098 311 1
759 1582 1
178 685 1
283 1758 2543
1365 190 744
1539 772 2
162 1427 2
750 1325 1253
1167 348 8427
1414 1014 2
1023 348 1
723 1252 1
49 1659 2
288 464 47631
60 263 2
1470 1480 1
1202 320 49175
1233 1161 2
1472 41 2
1705 427 1
1854 20 40325
900 118 1
112 813 1
242 254 2
518 690 44644
1239 464 47649
1191 1514 2
849 1730 1
1173 1690 2
779 811 1
1066 1814 7765
556 464 45029
1435 1787 1
1176 1703 49614
60 1816 9032
448 823 2
1113 918 1
1231 556 2
732 721 40827
1501 120 1
1176 1374 40486
594 309 1
1438 44 1
807 1388 2
1229 1238 1
719 1108 2221
718 464 2
1922 464 44865
1819 1757 2
474 1253 1
1262 1871 1
600 371 41818
56 277 1
64 1553 2
409 362 1
1067 1916 1
1780 347 43450
859 376 1
417 1870 4
1774 1429 2
519 1942 2
1646 1366 1
1176 543 44368
1229 1503 45033
1794 182 2
708 1611 2
1402 577 1
701 1393 2
911 601 1
836 482 1199
667 447 2
985 1109 2
533 1214 2
840 1900 1
1137 1991 1
1966 1963 45428
258 1718 40697
21 500 1
19 1659 2
1518 1965 44665
163 217 1
1528 1832 1
1503 1476 1
686 729 39343
1073 1931 1
1240 1992 1
391 464 1
1545 1476 1
1961 354 1694
860 464 41060
594 1805 41071
832 1483 2
898 464 1
211 1441 2
1851 1714 2212
518 1137 26761
793 1267 1
633 767 1
593 1674 1
1608 464 2
1176 645 1
1740 713 2
1335 79 2
415 1043 2
156 338 41914
1667 1726 1
1607 1645 2
1176 985 2
1176 1734 46077
1176 1236 2
402 395 40304
1362 1316 1
1225 520 1
833 464 42741
1185 302 1
1438 1362 45930
1563 620 2
788 889 43546
302 464 42526
505 1739 1
1419 358 1
423 1922 2
1750 397 2
465 3 2
23 1722 1
1329 1695 1
514 1770 4
933 752 5721
1725 930 1
863 1969 1
1318 1203 40137
1393 1163 1
1628 983 188
758 1965 40416
197 464 2
371 804 43041
697 554 1
1335 222 2
1050 661 2
1094 344 1
1831 1592 1
392 717 2
1176 129 1
1128 79 49967
670 1764 1
68 780 2
387 1592 1
576 1370 14643
214 75 1134
949 1432 44485
1176 1955 42397
1028 1017 2
1772 1639 2
803 1301 2
400 464 42289
225 1451 40233
1843 1293 1
1805 1350 7765
279 1801 7
199 1592 2
1845 430 2
1176 248 2
1687 1905 2
540 78 2
1176 1816 1
1341 451 1
197 1811 1
118 984 13223
1176 748 46112
1776 758 43504
581 110 1
1412 601 2
1149 458 13033
533 314 2
617 1922 2
564 317 2
1641 706 2
1703 1040 2
1719 464 2
1899 464 47423
1894 246 3210
279 468 1
1150 1616 1
101 300 1
1084 1465 7873
235 304 1
1861 1842 2
331 703 2
677 130 1
1176 1401 1
610 1960 1892
379 464 40255
322 933 1
1982 1485 1
1099 6 2
1767 1824 44205
35 180 2
1008 877 400
156 1650 5
1868 88 1
565 980 1
15 1075 2
1455 1471 1
1102 1094 1
783 464 45191
1183 117 9037
721 698 40827
1365 913 1
1961 416 10515
1389 857 1
192 27 42043
1432 1764 3
533 987 2351
1176 322 1
349 991 43192
333 411 43221
114 136 2343
850 462 1
1513 631 1
688 821 1
661 1 1
1126 1243 2
1472 359 2
35 797 6392
149 402 40301
747 490 1
1855 557 1
155 841 988
463 236 1
1162 909 2
397 1537 38517
448 1126 43005
990 668 1
1167 1774 1
775 857 2
283 1429 1102
624 693 1
1696 905 1
1318 625 1
672 1216 1
639 593 1
1244 888 2
676 1076 2
1791 462 44157
690 1463 4495
552 270 1
1176 1191 41575
1869 456 2
880 1151 1
37 964 3
252 464 46761
1948 1202 7328
1028 1709 35170
1176 374 42178
1768 1544 1863
947 119 2
972 47 1
279 1268 1
848 371 2
1174 556 45019
1245 847 8737
762 228 19518
677 637 1
1188 432 1
1106 836 1
1365 939 2
1410 1635 1036
1046 924 1
1255 873 20873
225 933 5721
715 1100 1
1176 490 41760
1075 395 8
567 963 2
1716 464 40552
1222 188 1
837 1375 1
106 1442 1
359 1524 2
521 1267 2
1699 464 1
1026 1143 40089
852 788 5043
1987 218 1
988 1132 41982
1250 400 1
325 1611 7872
994 277 1
476 685 1
1269 962 4
1252 1914 2
1873 1948 1
21 197 2
797 1605 901
1176 606 43968
1513 299 1
639 518 41078
16 464 1
1580 20 2
937 944 1
132 477 2
325 1534 2
706 1366 1468
112 1767 45278
1895 464 1
1917 464 2
10 1884 1
662 556 1
1267 1965 1
1687 344 1
308 1899 46777
1158 464 41916
1753 1555 2
1559 769 20657
190 472 2
897 959 3584
342 956 1
1960 464 1
1762 62 36909
1176 837 2
120 70 42205
1176 1740 44413
1845 223 2
114 1299 7
1785 546 1
1216 1163 1
348 1367 1
850 432 1
1014 59 1
136 33 2
1176 236 46506
1348 1288 6083
1757 426 1
1480 1210 1
1352 1342 29849
356 1058 1
581 90 1
1729 1149 13031
93 389 11414
214 542 8
1595 174 2
1005 342 1
1396 541 1
425 102 2
1733 464 40185
803 621 1
348 1576 8425
1395 1243 2
1000 1993 1
228 464 47175
682 1719 1
81 7 1
1734 504 6569
1151 464 43445
1417 1043 2
1866 596 2
123 517 2
1459 1284 41898
1399 1867 37021
1176 217 46442
648 1267 42432
885 729 3
1176 1644 42712
710 1576 1
1113 1007 2
465 297 1
939 406 1
1176 849 48143
763 319 2
364 1342 2
1168 796 7884
188 63 2
973 1045 1
1484 464 45570
147 464 41725
1008 2000 2
1992 1914 4
1710 239 6331
1032 1528 1
915 781 1
265 120 42201
1176 10 49956
431 277 1
563 17 2
70 222 2478
1451 748 2
1508 119 1
1055 1949 41250
1412 978 1
176 1727 1
36 440 1
1702 1477 40129
1513 694 6456
1669 464 43807
156 1971 1
420 294 2
1176 100 44550
16 788 47552
1219 1709 5876
1284 396 4700
1797 563 46706
576 631 2
1709 1561 1
414 1702 1
714 588 2
437 1394 1
1600 1526 1
1570 464 48172
1176 564 2
843 1109 1
877 575 1
661 1890 2
68 106 1
1943 1669 2
1314 749 42177
183 1479 2
1805 1368 1
1539 120 2
56 244 819
673 899 2
1030 706 1456
1162 1641 1
709 335 1
871 1681 13099
731 483 1
509 1824 2
142 1170 30230
573 908 9058
272 1006 2
440 1814 41506
229 459 1
1724 927 40324
454 1931 2
1432 396 44482
1496 1067 1
698 194 40827
1176 448 44165
66 1139 1944
1480 723 1
840 145 1
1564 1303 1
701 1064 2
943 1173 2
215 416 1
1537 1336 41176
1613 1033 2
785 105 2
661 397 6848
6 494 6560
33 950 1
1442 174 3
162 1602 2
173 1291 1
1187 1380 2730
1628 1639 5923
1161 464 2
688 109 8604
811 1359 1
398 1828 8648
210 1159 1
907 804 1
1617 1680 2
1595 499 1
1705 807 40064
890 1021 26784
341 440 41506
1301 359 2
1064 451 43365
776 1446 1
752 102 45123
1472 1231 1
1176 990 45787
1842 464 41614
1268 1965 2
542 280 1
688 1749 40451
1176 1017 49919
190 773 2
769 1025 1
1737 1053 6309
221 1880 2
409 184 2
105 1506 39952
274 462 4
351 729 3726
486 1669 1
572 1624 12800
1031 1722 1
1085 504 48150
204 599 1
1186 138 2
436 1591 1
148 504 1
1682 1432 2
253 661 6844
1916 238 2
493 228 1
1802 1801 1
381 1861 1
153 464 1
1768 1469 1
1392 1710 5423
1600 569 1
1108 1030 1456
1943 521 15
1153 1720 1
1589 752 1
1474 464 46132
10 1506 1
1601 397 1
39 464 1
100 115 40144
1960 1428 2
1866 471 1
520 145 1
136 1774 2
1844 62 1888
621 1822 27964
686 1940 2
1116 1788 591
1013 464 1
596 1260 2
216 110 1
1329 1075 2
768 835 3579
696 1031 1
1246 846 1
1896 413 1
696 1267 2
1461 1236 10849
885 349 1
1111 464 41571
911 121 1
1631 1650 1
870 1360 1440
1611 1158 41909
849 1029 1
547 464 47641
1769 1536 2
1269 1658 2480
1200 1102 1
1147 1942 255
1176 1611 45006
374 357 2
584 127 1
1934 253 5405
619 211 1
1360 595 2702
1176 952 41254
1475 1815 1
276 458 1
1982 1149 2
596 464 47910
1606 286 40243
865 1755 2
1386 1354 40244
1401 1745 2
1470 464 2
883 1033 2
155 626 2
210 464 1
1664 337 1
1819 137 1
1176 460 2
1176 1506 1
997 27 2681
1589 1916 4
1446 1650 3553
1970 1392 2
787 1336 1
1376 236 2449
1176 1934 46175
1027 1407 2
1472 580 7239
242 62 2
289 1134 1
1162 313 1
694 718 1
1176 690 1
1976 336 10
1176 438 41044
626 796 1
1269 1818 28886
1734 714 3
739 76 2
1107 1253 1
636 1725 2
1496 926 3979
1913 1613 1
1856 584 1
193 301 1
229 773 1766
1663 826 2
177 1076 2
1683 143 1
1570 1529 2
794 967 2813
43 1824 1
1553 1583 2
954 1192 2
815 507 2
319 806 41945
1548 252 2
1176 1682 36013
1043 250 90
1176 678 1
642 1576 1
1757 1683 3
375 418 615
999 51 1
1766 596 2
677 313 1
1925 464 41745
1176 96 47512
79 1536 26340
1943 898 2
1882 58 42410
737 1187 2731
1176 1281 2
1649 277 1
1176 142 40994
763 464 44994
1380 1643 2660
48 1230 2
1825 464 2
1236 93 10849
874 1942 6770
1986 1032 1
1176 614 1
563 1006 2
1794 210 2
1734 509 1
1437 1349 2
1176 1452 2
1973 481 41151
877 1874 28178
790 1965 4644
1611 983 44997
1960 1627 2
1798 1657 1
1709 985 1
1725 1887 1
769 1702 40125
973 1327 2
533 869 32309
1217 1803 42701
378 1895 39712
1539 1482 1
1245 475 2
542 1220 1
895 119 2
679 1070 1
1764 141 2668
1253 357 2
841 1694 9080
29 1300 1
850 1277 1
879 1883 1
280 1042 1
1279 1508 1
465 1486 1
286 1177 2
149 139 1
1941 1733 1
1846 1209 233
627 302 1
1758 507 40048
1368 464 40667
719 964 1
1429 217 26142
672 1888 1
1176 364 2
1176 540 40063
1508 1132 1
432 464 42941
162 390 1
769 789 1
170 1482 1
1457 1165 40236
1724 1217 2666
176 610 1901
417 1002 2
13 1168 1
148 1520 1
297 1153 2
294 372 1
1466 1202 43529
667 774 1
248 247 41805
1990 464 42590
984 76 7062
605 1802 2
752 596 2
300 1648 2164
627 167 2
879 959 1
1341 1336 1
1461 539 2
984 647 25299
35 425 2
1176 1829 2
1176 1615 2
548 395 2
1341 1899 2
768 1079 2
1176 1148 49473
324 886 1
811 343 1
983 464 45191
1026 15 39611
1410 1424 1
1176 1869 41751
436 517 15539
1174 1134 2
378 1950 2
758 1817 3082
1744 1616 2
1176 1080 2
1176 1333 44658
1802 270 2
900 1115 1
1758 1064 2956
135 614 6932
141 1878 2669
1295 464 1
1467 406 2
434 971 1
1217 1046 1
1857 347 1
456 1842 2
352 447 2
48 430 1
723 1330 2
493 1004 42357
1608 705 2
1216 1444 2
1639 464 43922
1589 500 5723
817 1193 1
114 999 1
320 464 45997
1686 919 5075
485 1698 13912
1354 914 38690
1077 1922 2
1729 1417 1
1662 242 947
1176 378 1
1176 1646 40842
1408 338 2
142 1172 2
187 1899 641
1202 908 2
518 637 1
1635 665 1
1032 1211 2
836 1359 4071
801 58 1
936 1898 37676
529 409 45793
321 350 1
1431 328 7218
1176 677 44372
225 1674 2
555 168 2
420 519 231
1176 1163 1
1980 1336 2
1176 1851 42636
459 1166 1
690 1039 2
83 287 3641
1101 1839 2
1176 1381 42570
1311 156 1
842 415 2
1357 1898 1
1427 302 2
1176 956 46676
327 1452 2
551 539 2
1496 937 2
1194 1828 1
324 765 5
642 572 1
90 206 1
973 345 2
1026 118 11365
1619 1097 1
1835 867 2
1113 138 1
964 1839 2
1434 62 5268
23 1345 1
1705 1282 1
1213 1773 1
325 441 1
639 464 1
718 1571 2
1199 494 2
1049 1612 1
1469 976 4372
1176 1482 43940
368 772 5214
1320 1843 1
16 441 1
1782 1204 1
1176 806 43131
117 1094 1
1887 1404 1
1965 464 40962
952 667 2
964 1021 37752
1766 1608 3982
485 1726 1
550 836 2
9 1090 1
1017 464 41461
506 1902 1
236 464 48955
527 903 1
948 48 43837
1902 1432 2
1967 920 2
1470 1813 15754
1738 964 5732
303 1999 2
1829 889 1
1228 403 1
1176 1365 44973
1050 1359 1
507 464 44694
1813 1461 10851
1176 1199 93540
1176 42 47537
247 464 46510
1330 1477 2
1646 1053 1
1643 308 1
754 432 5
894 315 1
728 1917 2
170 910 10866
1413 236 3248
1352 464 86174
992 1927 1
1450 843 2
1244 1718 2
612 6 3842
951 387 1
219 1706 1
229 1645 1
914 1331 1
1804 1237 42844
1827 464 41232
1100 464 42277
1176 518 49719
1219 1990 42778
1112 1151 2
1431 226 1
1451 1753 1
1453 1847 1
1846 1566 1540
1558 515 45821
1737 695 2
1787 1936 1
1418 129 1
1176 494 2
1294 1079 2
916 397 7
910 1255 41844
1448 1116 2
1324 464 1
818 742 7410
192 1729 21295
413 194 1
1176 231 49136
1323 588 40494
1781 1631 2
1828 1325 8646
1176 1862 43551
262 464 2
1408 680 1
943 494 40459
1422 402 4
971 1648 42885
1950 475 2
1176 1794 2
911 437 2
696 919 1
711 142 30233
234 1 2
1003 761 1
165 1489 42539
1319 464 49273
45 17 1
1373 1087 5418
1359 515 2
78 1639 1
1510 288 3211
529 1856 1
609 863 2
273 994 40685
10 1343 12870
1176 45 2
279 1345 3804
696 486 1
1584 1257 1
1165 413 1
332 1404 2
1235 623 2
338 464 42249
1482 1729 1
1489 1416 1
1176 1614 1
1845 913 1
1638 406 40113
1389 1094 16642
1007 984 2
1176 687 48532
115 1850 1
407 1516 40683
1828 1359 1
136 1269 44673
1877 544 1
906 1623 2
1779 1786 1
1496 680 1
231 1577 40698
21 1410 7874
614 753 2
1837 1566 1
1562 1354 47529
1349 998 48376
1700 980 39452
667 1443 38439
1217 1539 5
1176 1662 42752
1539 251 1
231 470 2
1176 1278 48127
1635 1555 4
1851 1958 1
1644 878 42716
1176 1743 2
1680 1143 1
980 1789 2
1112 1811 1
1055 464 2
1402 258 2
1905 1375 5489
1176 877 47705
835 665 3577
158 750 1
514 1127 1
1199 1769 38236
1281 740 45019
603 1271 1
1396 1244 5
1793 187 2
1847 1399 38801
